1,SUB204MIK,2,15,43.4
2,SUB204MIK,3,33,52.3
3,SUB367MIK,2,21,39.1
4,SUB204MIK,1,8,60.7
5,SUB367MIK,5,8,78.3
6,SUB204MIK,3,33,45.0 
7,SUB345MIK,4,20,50.2 
8,SUB743MIK,3,8,49.8
9,SUB123MIK,2,24,30.0
10,SUB204MIK,4,24,35.2
11,SUB321MIK,3,22,34.0
12,SUB098MIK,2,24,42.2
13,SUB345MIK,3,8,39.9 
14,SUB098MIK,4,11,46.5
15,SUB853MIK,3,11,50.0
16,SUB098MIK,1,10,46.2
17,SUB098MIK,3,24,79.5
18,SUB853MIK,4,8,42.7
19,SUB853MIK,3,8,52.1
20,SUB098MIK,2,21,36.2
21,SUB743MIK,3,19,53.6
22,SUB120MIK,2,24,42.1
23,SUB902MIK,5,24,34.0
24,SUB120MIK,2,31,62.4
25,SUB120MIK,1,3,79.5 
26,SUB879MIK,2,21,35.6
27,SUB345MIK,1,11,103.5
28,SUB247MIK,2,22,43.8
29,SUB842MIK,3,15,45.0
30,SUB478MIK,4,7,62.0
31,SUB345MIK,2,33,52.7
32,SUB345MIK,4,10,73.5